45
47
96
97
95
98
100
94
44
99
101
44
45
47
102
106
104
108
94
105
109
44
45
47
102
106
103
107
37
39
41
43
37
39
41
43
37
39
41
43
112
113
111
118
120
110
40
38
40
38
119
121
42
114
116
110
40
40
115
117
41
43
39
122
126
124
128
110
125
129
36
41
43
39
122
126
123
127
37
39
41
43
37
39
41
43
37
39
41
43
51
53
55
59
61
57
51
53
55
59
61
57
64
70
66
68
45
47
136
137
131
138
133
139
135
140
142
132
141
143
152
168
153
169
70
66
64
68
136
137
131
138
133
139
135
152
168
154
170
69
61
65
55
57
63
53
67
59
155
171
134
45
47
156
172
130
52
157
173
158
174
69
164
180
42
57
165
181
132
166
182
70
66
64
68
152
168
154
170
69
61
65
55
57
63
53
67
59
155
171
134
45
47
156
172
130
52
157
173
167
183
70
66
64
68
136
137
131
138
133
139
135
152
168
154
170
69
61
65
55
57
63
53
67
59
155
171
134
45
47
156
172
130
52
157
173
158
174
69
159
175
132
58
67
52
63
58
67
52
63
160
176
144
145
60
146
147
54
144
145
60
161
177
148
149
60
148
149
60
150
151
54
162
178
65
164
180
42
57
165
181
132
166
182
70
66
64
68
152
168
154
170
69
61
65
55
57
63
53
67
59
155
171
134
45
47
156
172
130
52
157
173
167
183
70
66
64
68
152
168
154
170
69
61
65
55
57
63
53
67
59
155
171
134
45
47
156
172
130
52
157
173
158
174
69
159
175
132
58
67
52
63
58
67
52
63
160
176
144
145
60
146
147
54
144
145
60
161
177
148
149
60
148
149
60
150
151
54
162
178
65
163
179
